#tail	head	edge_weight
0	1	3
0	2	3
0	3	1
0	4	3
0	5	2
0	7	2
0	9	2
0	10	2
0	11	3
1	0	3
1	2	3
1	3	1
1	4	3
1	5	3
1	6	1
1	7	1
1	9	2
1	10	2
1	11	2
1	13	1
1	36	1
2	0	3
2	1	3
2	3	2
2	4	3
2	5	2
2	6	1
2	7	2
2	8	2
2	9	3
2	10	1
2	11	3
2	12	1
2	13	2
2	21	1
2	31	1
2	34	1
2	35	1
2	36	2
3	0	1
3	1	2
3	2	1
3	4	1
3	5	1
3	6	2
3	7	1
3	8	3
3	11	2
3	13	1
3	14	3
3	15	3
3	21	1
3	31	1
3	32	1
3	36	1
3	41	1
3	42	1
3	43	2
3	47	1
4	0	3
4	1	2
4	2	3
4	3	2
4	5	2
4	7	3
4	9	1
4	10	1
4	11	3
4	14	1
4	31	1
4	36	2
4	42	1
4	43	1
4	47	1
5	0	3
5	1	3
5	2	2
5	4	3
5	6	1
5	9	2
5	12	1
5	13	2
5	14	1
5	29	1
5	30	1
5	32	1
5	33	1
5	34	2
5	35	1
5	36	2
5	37	1
5	44	1
5	45	1
6	2	1
6	3	2
6	5	1
6	7	1
6	8	2
6	13	1
6	14	2
6	21	1
6	32	1
6	36	2
6	41	1
6	43	2
6	45	1
7	1	1
7	2	1
7	4	3
7	8	2
7	11	2
7	14	1
7	21	1
8	3	3
8	7	2
8	10	1
8	14	2
8	21	2
8	42	2
8	43	2
9	0	3
9	1	3
9	2	3
9	3	1
9	4	1
9	5	2
9	10	2
9	11	2
9	13	2
9	21	1
9	34	1
9	36	2
9	45	1
9	47	2
9	48	1
10	0	2
10	1	2
10	2	1
10	4	1
10	7	1
10	8	1
10	9	2
10	11	2
10	13	2
10	21	1
10	34	1
10	36	2
10	47	2
10	48	1
11	0	3
11	1	2
11	2	3
11	3	1
11	4	3
11	7	2
11	9	2
11	10	2
11	12	3
11	13	2
11	21	2
11	32	1
11	34	1
11	41	1
11	42	1
11	43	1
11	45	1
11	46	2
11	47	2
11	48	1
12	2	1
12	5	1
12	11	3
12	13	2
12	14	1
12	15	2
12	21	2
12	32	1
12	34	1
12	41	1
12	42	1
12	43	1
12	44	1
12	45	2
12	46	2
12	47	2
12	48	1
13	1	1
13	2	2
13	3	1
13	9	2
13	10	1
13	11	1
13	21	2
13	29	1
13	31	2
13	32	3
13	33	1
13	34	2
13	35	2
13	36	3
13	37	2
13	38	2
13	41	1
13	42	1
13	43	1
13	44	1
13	45	3
13	46	2
13	47	1
14	3	3
14	4	1
14	5	1
14	6	2
14	8	2
14	9	1
14	11	2
14	12	2
14	15	2
14	21	1
14	23	1
14	24	1
14	28	2
14	29	2
14	30	1
14	31	2
14	32	2
14	33	2
14	34	2
14	35	2
14	37	1
14	38	2
14	41	2
14	42	1
14	43	2
14	45	1
14	47	1
14	48	1
15	2	1
15	3	3
15	4	1
15	5	1
15	9	1
15	10	1
15	11	2
15	12	2
15	13	1
15	14	2
15	41	1
15	43	2
15	44	1
15	45	1
15	47	1
15	48	2
16	17	2
16	18	3
16	19	2
16	20	2
16	21	1
16	22	1
16	40	1
16	47	1
17	14	1
17	16	3
17	18	2
17	19	2
17	21	2
17	22	1
17	41	1
17	42	2
17	43	2
17	47	2
17	48	1
18	14	1
18	16	3
18	17	2
18	19	2
18	20	1
18	21	1
18	48	2
19	11	1
19	12	1
19	16	3
19	17	3
19	18	1
19	20	2
19	21	2
19	22	1
19	45	2
19	46	2
19	47	2
20	16	2
20	17	2
20	18	1
20	19	2
20	21	2
20	22	2
20	45	1
20	48	1
21	9	1
21	10	1
21	11	2
21	12	2
21	13	1
21	14	1
21	15	2
21	16	1
21	17	1
21	19	2
21	20	2
21	32	2
21	40	1
21	41	1
21	42	2
21	43	2
21	44	1
21	45	2
21	47	2
21	48	1
22	17	2
22	21	2
22	40	1
22	41	1
22	42	2
22	43	2
22	47	1
22	48	3
23	14	1
23	24	3
23	25	3
23	26	3
23	27	3
23	29	3
23	30	2
23	31	2
23	33	3
23	34	3
23	37	2
23	38	1
24	14	1
24	23	3
24	25	3
24	26	3
24	27	3
24	29	2
24	30	2
24	31	2
24	33	2
24	34	3
24	35	1
24	36	1
24	37	1
24	38	1
25	23	3
25	24	3
25	26	3
25	27	3
25	29	2
25	30	1
25	31	2
25	32	1
25	33	3
25	34	1
25	35	2
25	37	2
25	38	1
26	23	3
26	24	3
26	25	3
26	27	3
26	29	2
26	30	1
26	31	2
26	32	1
26	33	2
26	34	2
26	36	2
26	37	1
26	38	2
26	42	1
26	43	1
27	14	2
27	23	3
27	24	3
27	25	3
27	26	3
27	28	1
27	29	3
27	30	3
27	31	2
27	32	1
27	33	2
27	34	1
27	35	2
27	37	3
27	42	1
27	43	1
27	47	1
27	48	1
28	14	2
28	24	1
28	29	1
28	30	1
28	31	2
28	32	2
28	33	2
28	34	2
28	35	2
28	37	2
28	38	1
28	41	1
28	42	2
28	43	2
28	44	1
28	45	1
28	47	1
28	48	2
29	14	1
29	23	2
29	24	2
29	25	2
29	26	2
29	27	2
29	30	2
29	31	2
29	32	2
29	33	3
29	34	3
29	35	3
29	36	2
29	37	2
29	38	2
29	44	1
29	45	1
30	14	1
30	23	2
30	24	2
30	25	2
30	26	2
30	27	2
30	29	2
30	31	2
30	33	2
30	34	1
30	35	2
30	36	1
30	37	1
30	38	1
30	44	1
30	45	1
30	47	1
30	48	1
30	51	1
31	11	1
31	12	1
31	13	2
31	14	2
31	21	1
31	23	1
31	24	1
31	27	1
31	28	2
31	32	3
31	34	2
31	35	1
31	36	2
31	37	1
31	38	1
31	39	1
31	40	2
31	41	2
31	44	2
31	45	2
32	13	3
32	14	1
32	21	1
32	28	2
32	29	1
32	31	3
32	33	1
32	34	1
32	35	1
32	36	2
32	38	2
32	39	1
32	40	2
32	41	2
32	42	2
32	43	2
32	44	2
32	45	3
32	47	1
32	48	1
32	51	1
33	13	1
33	14	1
33	27	1
33	28	2
33	29	2
33	30	2
33	32	1
33	34	1
33	35	3
33	37	2
33	38	2
33	42	1
33	44	1
33	45	1
34	2	1
34	11	1
34	12	1
34	13	2
34	14	1
34	27	1
34	28	2
34	29	2
34	30	1
34	31	2
34	32	1
34	33	2
34	35	1
34	36	2
34	38	2
34	41	1
34	42	1
34	44	1
34	45	1
35	2	1
35	13	2
35	14	1
35	27	2
35	28	2
35	29	2
35	30	2
35	31	1
35	32	1
35	33	3
35	34	2
35	36	2
35	37	2
35	38	2
35	42	1
35	44	1
35	45	1
36	2	1
36	13	2
36	29	2
36	30	1
36	31	2
36	32	2
36	34	3
36	35	2
36	37	1
36	38	2
36	41	1
36	42	1
36	44	1
36	45	1
37	13	1
37	14	1
37	24	1
37	27	2
37	28	2
37	29	2
37	30	1
37	31	1
37	33	2
37	34	2
37	35	2
37	36	1
37	38	1
37	42	1
37	45	1
38	13	2
38	14	1
38	24	1
38	28	1
38	29	2
38	30	1
38	31	1
38	32	2
38	33	3
38	34	3
38	35	1
38	36	2
38	37	2
38	42	1
38	45	1
39	32	2
39	40	3
39	42	2
39	44	3
39	45	2
39	47	2
39	48	1
39	50	2
39	51	2
40	13	1
40	15	1
40	21	1
40	39	3
40	41	2
40	42	2
40	43	2
40	44	2
40	45	2
40	46	1
40	51	1
41	11	1
41	12	1
41	13	1
41	14	1
41	15	1
41	21	1
41	34	1
41	36	1
41	39	2
41	40	3
41	42	2
41	43	2
41	44	3
41	45	3
41	46	1
42	3	1
42	6	1
42	11	1
42	14	1
42	15	1
42	16	1
42	17	1
42	21	2
42	27	1
42	28	1
42	32	2
42	33	1
42	34	2
42	35	1
42	36	1
42	37	1
42	38	1
42	39	3
42	40	3
42	41	2
42	44	2
42	45	1
42	47	3
42	48	1
42	51	1
43	3	1
43	6	1
43	11	1
43	13	1
43	14	2
43	15	3
43	16	1
43	17	1
43	21	2
43	27	1
43	28	2
43	29	1
43	30	1
43	31	1
43	32	2
43	33	1
43	34	2
43	35	1
43	36	1
43	37	1
43	38	1
43	40	1
43	41	3
43	44	2
43	45	1
43	47	2
43	48	3
43	51	1
44	33	1
44	34	1
44	35	2
44	36	1
44	37	1
44	38	2
44	39	1
44	40	3
44	41	2
44	42	2
44	43	2
44	45	2
44	46	2
45	11	2
45	12	2
45	13	2
45	14	1
45	19	2
45	21	2
45	32	3
45	33	1
45	34	1
45	35	1
45	36	1
45	37	1
45	38	1
45	39	1
45	40	3
45	41	2
45	42	2
45	43	2
45	44	3
45	46	2
45	47	1
45	48	1
45	49	1
45	51	1
46	11	2
46	12	2
46	19	2
46	40	2
46	41	1
46	44	2
46	45	2
46	47	2
46	48	1
46	51	2
47	3	1
47	4	1
47	5	1
47	6	1
47	11	1
47	12	1
47	13	1
47	16	1
47	17	2
47	19	2
47	21	1
47	22	1
47	23	1
47	24	1
47	25	1
47	26	1
47	27	1
47	28	2
47	32	2
47	35	1
47	39	2
47	40	2
47	41	1
47	42	3
47	43	1
47	44	2
47	45	2
47	46	1
47	48	3
47	49	2
47	50	2
47	51	3
48	3	1
48	4	1
48	5	1
48	6	1
48	11	1
48	12	1
48	14	2
48	15	2
48	16	1
48	17	2
48	21	2
48	22	3
48	23	1
48	24	1
48	25	1
48	26	1
48	27	1
48	28	1
48	32	1
48	35	1
48	39	2
48	40	2
48	41	1
48	42	1
48	43	3
48	44	2
48	45	1
48	46	1
48	47	3
48	49	2
48	51	2
49	11	1
49	12	1
49	39	1
49	40	1
49	44	1
49	45	2
49	47	2
49	48	2
49	51	3
50	11	1
50	12	1
50	39	3
50	40	2
50	41	1
50	42	2
50	43	1
50	44	1
50	45	1
50	46	2
50	49	2
50	51	2
51	11	2
51	12	2
51	32	1
51	39	3
51	40	2
51	44	1
51	45	1
51	46	1
51	47	3
51	48	2
51	49	2
51	50	2